106062240
106062106
106062222
106000103
105033133
106062131
106072123
106072104
106062130
106062140
104012027
106000105
106000115
106062306
103030022
106062230
106000266
105000017
105021221
105042014
106011105
106070038
106070032
105062237
105072145
1071070s
1071059s
106062324
105000044
105021217
106062361
106062320
106062223
103031238
106062215
106062122
1071046s
106062113
1071029s
105021108
x1072038
105062272
106062202
102062302
106062119
106070002
106033211
106062203
106033233
106081005
106070011
103032027
104070036
105061272
106062271
106034071
106062210
1071069s
105021121
105021224
103048213
105021208
106021229
105081042
1071167s
105020011
1071050s
106010010
106000212
106062272
106062114
106062316
